{
  "nbformat": 4,
  "nbformat_minor": 0,
  "metadata": {
    "colab": {
      "provenance": [],
      "include_colab_link": true
    },
    "kernelspec": {
      "name": "python3",
      "display_name": "Python 3"
    },
    "language_info": {
      "name": "python"
    }
  },
  "cells": [
    {
      "cell_type": "markdown",
      "metadata": {
        "id": "view-in-github",
        "colab_type": "text"
      },
      "source": [
        "<a href=\"https://colab.research.google.com/github/SasiwimonV/bsc_dpdm22/blob/main/Final_Project66.ipynb\" target=\"_parent\"><img src=\"https://colab.research.google.com/assets/colab-badge.svg\" alt=\"Open In Colab\"/></a>"
      ]
    },
    {
      "cell_type": "markdown",
      "source": [
        "##Import"
      ],
      "metadata": {
        "id": "1TYbsqgjXQnY"
      }
    },
    {
      "cell_type": "code",
      "execution_count": 5,
      "metadata": {
        "id": "AuxAGiVdVlY1"
      },
      "outputs": [],
      "source": [
        "import pandas as pd\n",
        "from google.colab import drive"
      ]
    },
    {
      "cell_type": "code",
      "source": [
        "import os"
      ],
      "metadata": {
        "id": "JQYZFCroZBPS"
      },
      "execution_count": 6,
      "outputs": []
    },
    {
      "cell_type": "code",
      "source": [
        "from google.colab import drive\n",
        "drive.mount('/content/drive')"
      ],
      "metadata": {
        "colab": {
          "base_uri": "https://localhost:8080/"
        },
        "id": "Z8thCCe1rfp8",
        "outputId": "034710c3-98d2-4992-cc13-d18b30ebd614"
      },
      "execution_count": 7,
      "outputs": [
        {
          "output_type": "stream",
          "name": "stdout",
          "text": [
            "Drive already mounted at /content/drive; to attempt to forcibly remount, call drive.mount(\"/content/drive\", force_remount=True).\n"
          ]
        }
      ]
    },
    {
      "cell_type": "code",
      "source": [
        "drive.mount('/content/drive')\n",
        "path =  '/content/drive/MyDrive/bsc_DPDM_data'"
      ],
      "metadata": {
        "colab": {
          "base_uri": "https://localhost:8080/"
        },
        "id": "_C1CzDH0X_Ah",
        "outputId": "a67595f8-7a31-4b80-a432-c6d808ea34a2"
      },
      "execution_count": 8,
      "outputs": [
        {
          "output_type": "stream",
          "name": "stdout",
          "text": [
            "Drive already mounted at /content/drive; to attempt to forcibly remount, call drive.mount(\"/content/drive\", force_remount=True).\n"
          ]
        }
      ]
    },
    {
      "cell_type": "code",
      "source": [
        "data1_train = pd.read_csv(os.path.join(path,'churn-bigml-80.csv')) #Os.path.join = path แต่ละอันไม่เหมือนกัน = เชื่อมต่อกันแบบมีส่วนหน้า,หลัง ; Encoding = ภาษาให้เข้าใจง่าย\n",
        "data2_test = pd.read_csv(os.path.join(path,'churn-bigml-20.csv')) #Os.path.join = path แต่ละอันไม่เหมือนกัน = เชื่อมต่อกันแบบมีส่วนหน้า,หลัง ; Encoding = ภาษาให้เข้าใจง่าย"
      ],
      "metadata": {
        "id": "-osxG2VIYDkA"
      },
      "execution_count": 9,
      "outputs": []
    },
    {
      "cell_type": "code",
      "source": [
        "data = pd.concat([data1_train, data2_test], axis=0)"
      ],
      "metadata": {
        "id": "U8D8rJ-3d9ut"
      },
      "execution_count": 10,
      "outputs": []
    },
    {
      "cell_type": "markdown",
      "source": [
        "- รวมไฟล์ทั้ง 2 แบบไม่ทำอะไรเลย"
      ],
      "metadata": {
        "id": "iGdmrWm9MPeQ"
      }
    },
    {
      "cell_type": "code",
      "source": [
        "data = data.reset_index(drop=True)\n",
        "data.index = data.index + 1"
      ],
      "metadata": {
        "id": "B8Q2J_IucuEE"
      },
      "execution_count": 11,
      "outputs": []
    },
    {
      "cell_type": "markdown",
      "source": [
        "##Data Prepare"
      ],
      "metadata": {
        "id": "099M5hMlXNyW"
      }
    },
    {
      "cell_type": "code",
      "source": [
        "import numpy as np # linear algebra\n",
        "from math import * # module math\n",
        "import matplotlib.pyplot as plt # visualization\n",
        "from PIL import Image\n",
        "import seaborn as sns # visualization\n",
        "import itertools\n",
        "import io\n",
        "import plotly.offline as py # visualization\n",
        "import plotly.graph_objs as go # visualization\n",
        "from plotly.subplots import make_subplots\n",
        "import plotly.figure_factory as ff # visualization\n",
        "import warnings\n",
        "warnings.filterwarnings(\"ignore\")\n",
        "%matplotlib inline"
      ],
      "metadata": {
        "id": "xgnBXZlxmIhT"
      },
      "execution_count": 12,
      "outputs": []
    },
    {
      "cell_type": "markdown",
      "source": [
        "##Correlations Plot"
      ],
      "metadata": {
        "id": "vsIsxpSCXWVD"
      }
    },
    {
      "cell_type": "code",
      "source": [
        "#correlation\n",
        "correlation = data.corr()\n",
        "#tick labels\n",
        "matrix_cols = correlation.columns.tolist()\n",
        "#convert to array\n",
        "corr_array = np.array(correlation)\n",
        "\n",
        "#Plotting\n",
        "trace = go.Heatmap(z = corr_array,\n",
        "                   x = matrix_cols,\n",
        "                   y = matrix_cols,\n",
        "                   colorscale = \"Viridis\",\n",
        "                   colorbar = dict(title = \"Pearson Correlation coefficients\", titleside = \"right\"),\n",
        "                  )\n",
        "layout = go.Layout(dict(title = \"Correlation matrix\",\n",
        "                        autosize = False,\n",
        "                        height = 720,\n",
        "                        width = 800,\n",
        "                        margin = dict(r = 0, l = 210, t = 25, b = 210),\n",
        "                        yaxis = dict(tickfont = dict(size = 9)),\n",
        "                        xaxis = dict(tickfont = dict(size = 9))\n",
        "                       )\n",
        "                  )\n",
        "dataplot = [trace]\n",
        "fig = go.Figure(data=dataplot, layout=layout)\n",
        "py.iplot(fig)"
      ],
      "metadata": {
        "colab": {
          "base_uri": "https://localhost:8080/",
          "height": 737
        },
        "id": "-j89QAuiXV9q",
        "outputId": "cd050512-bc3b-4594-c3ef-0ae26a397af5"
      },
      "execution_count": 13,
      "outputs": [
        {
          "output_type": "display_data",
          "data": {
            "text/html": [
              "<html>\n",
              "<head><meta charset=\"utf-8\" /></head>\n",
              "<body>\n",
              "    <div>            <script src=\"https://cdnjs.cloudflare.com/ajax/libs/mathjax/2.7.5/MathJax.js?config=TeX-AMS-MML_SVG\"></script><script type=\"text/javascript\">if (window.MathJax && window.MathJax.Hub && window.MathJax.Hub.Config) {window.MathJax.Hub.Config({SVG: {font: \"STIX-Web\"}});}</script>                <script type=\"text/javascript\">window.PlotlyConfig = {MathJaxConfig: 'local'};</script>\n",
              "        <script src=\"https://cdn.plot.ly/plotly-2.18.2.min.js\"></script>                <div id=\"cfcd88f5-9daf-40bf-b4ff-7764c6b330f1\" class=\"plotly-graph-div\" style=\"height:720px; width:800px;\"></div>            <script type=\"text/javascript\">                                    window.PLOTLYENV=window.PLOTLYENV || {};                                    if (document.getElementById(\"cfcd88f5-9daf-40bf-b4ff-7764c6b330f1\")) {                    Plotly.newPlot(                        \"cfcd88f5-9daf-40bf-b4ff-7764c6b330f1\",                        [{\"colorbar\":{\"title\":{\"side\":\"right\",\"text\":\"Pearson Correlation coefficients\"}},\"colorscale\":[[0.0,\"#440154\"],[0.1111111111111111,\"#482878\"],[0.2222222222222222,\"#3e4989\"],[0.3333333333333333,\"#31688e\"],[0.4444444444444444,\"#26828e\"],[0.5555555555555556,\"#1f9e89\"],[0.6666666666666666,\"#35b779\"],[0.7777777777777778,\"#6ece58\"],[0.8888888888888888,\"#b5de2b\"],[1.0,\"#fde725\"]],\"x\":[\"Account length\",\"Area code\",\"Number vmail messages\",\"Total day minutes\",\"Total day calls\",\"Total day charge\",\"Total eve minutes\",\"Total eve calls\",\"Total eve charge\",\"Total night minutes\",\"Total night calls\",\"Total night charge\",\"Total intl minutes\",\"Total intl calls\",\"Total intl charge\",\"Customer service calls\",\"Churn\"],\"y\":[\"Account length\",\"Area code\",\"Number vmail messages\",\"Total day minutes\",\"Total day calls\",\"Total day charge\",\"Total eve minutes\",\"Total eve calls\",\"Total eve charge\",\"Total night minutes\",\"Total night calls\",\"Total night charge\",\"Total intl minutes\",\"Total intl calls\",\"Total intl charge\",\"Customer service calls\",\"Churn\"],\"z\":[[1.0,-0.012463496664028578,-0.004627824325108227,0.006216020532194281,0.03846988231670477,0.006214134694388888,-0.006757141994218947,0.01925996700956495,-0.006745301728173134,-0.008955191857065994,-0.013176275129294143,-0.008959534545385294,0.009513902342048394,0.020661428380667517,0.009545674800715975,-0.003795938927046041,0.016540742243674092],[-0.012463496664028578,1.0,-0.0019943700835123035,-0.008264366168389086,-0.009646043977812723,-0.00826444108261078,0.0035803948482152057,-0.01188627078801613,0.0036066902195477186,-0.005824659840635892,0.016522316925722407,-0.005845375742311549,-0.018288168218451577,-0.024178588723814093,-0.018394695992920478,0.02757222567226509,0.006174233160678172],[-0.004627824325108227,-0.0019943700835123035,1.0,0.000778274098700515,-0.009548067661971875,0.0007755234585549905,0.017562034258063738,-0.005864351294292006,0.017577780115722124,0.007681135938935332,0.007123062912801908,0.007663290430631254,0.002856195879589399,0.01395733867180488,0.002883657907770868,-0.013262583062485166,-0.08972796983506433],[0.006216020532194281,-0.008264366168389086,0.000778274098700515,1.0,0.006750413879729634,0.9999999521904008,0.0070425109937776505,0.015768993160328145,0.007029035251564238,0.004323366578518071,0.02297245550654227,0.004300357041792304,-0.010154585571599579,0.008033356952136956,-0.010091974161608279,-0.013423186351805895,0.20515082926139072],[0.03846988231670477,-0.009646043977812723,-0.009548067661971875,0.006750413879729634,1.0,0.006752961967446203,-0.021451407815682586,0.006462113654156914,-0.02144926263514335,0.02293784532486071,-0.019556965357458503,0.02292663775833335,0.021564794329714875,0.004574268228354762,0.02166609515687858,-0.018941930313584366,0.018459311608577007],[0.006214134694388888,-0.00826444108261078,0.0007755234585549905,0.9999999521904008,0.006752961967446203,1.0,0.007049607188445667,0.01576928215225523,0.00703613149512632,0.004323879377027686,0.022972419522033185,0.004300860788641267,-0.010156861586640876,0.008031571971861358,-0.010094257193007808,-0.013426969383537117,0.20515074317015466],[-0.006757141994218947,0.0035803948482152057,0.017562034258063738,0.0070425109937776505,-0.021451407815682586,0.007049607188445667,1.0,-0.011430108165517908,0.9999997760198508,-0.012583677929227339,0.007585643074590798,-0.012592805749304973,-0.011034714405092145,0.0025412917388004477,-0.0110666213132502,-0.012984552867109074,0.09279579031259189],[0.01925996700956495,-0.01188627078801613,-0.005864351294292006,0.015768993160328145,0.006462113654156914,0.01576928215225523,-0.011430108165517908,1.0,-0.011422894273234828,-0.002092768004868057,0.007709705543563772,-0.0020559843069095675,0.008702880654677156,0.01743369206986388,0.008673857642456814,0.0024225746998399983,0.009233131913078299],[-0.006745301728173134,0.0036066902195477186,0.017577780115722124,0.007029035251564238,-0.02144926263514335,0.00703613149512632,0.9999997760198508,-0.011422894273234828,1.0,-0.012592020408875342,0.007595842965837986,-0.012601142055022102,-0.011042581974576686,0.002541458019650715,-0.011074498925597311,-0.01298740692995945,0.09278603942871355],[-0.008955191857065994,-0.005824659840635892,0.007681135938935332,0.004323366578518071,0.02293784532486071,0.004323879377027686,-0.012583677929227339,-0.002092768004868057,-0.012592020408875342,1.0,0.011203856290700075,0.9999992148758784,-0.01520729728274182,-0.012353432385806608,-0.015179849098513623,-0.009287612696798193,0.035492853421274326],[-0.013176275129294143,0.016522316925722407,0.007123062912801908,0.02297245550654227,-0.019556965357458503,0.022972419522033185,0.007585643074590798,0.007709705543563772,0.007595842965837986,0.011203856290700075,1.0,0.011187819717052133,-0.01360499641934361,0.00030457953213115107,-0.013630169606337854,-0.01280192733103718,0.006141203007399601],[-0.008959534545385294,-0.005845375742311549,0.007663290430631254,0.004300357041792304,0.02292663775833335,0.004300860788641267,-0.012592805749304973,-0.0020559843069095675,-0.012601142055022102,0.9999992148758784,0.011187819717052133,1.0,-0.015213525825436832,-0.012329215024732719,-0.015186138565999112,-0.009276953579361704,0.03549555624050662],[0.009513902342048394,-0.018288168218451577,0.002856195879589399,-0.010154585571599579,0.021564794329714875,-0.010156861586640876,-0.011034714405092145,0.008702880654677156,-0.011042581974576686,-0.01520729728274182,-0.01360499641934361,-0.015213525825436832,1.0,0.03230388408942581,0.9999927417510344,-0.009639679589185957,0.06823877562717763],[0.020661428380667517,-0.024178588723814093,0.01395733867180488,0.008033356952136956,0.004574268228354762,0.008031571971861358,0.0025412917388004477,0.01743369206986388,0.002541458019650715,-0.012353432385806608,0.00030457953213115107,-0.012329215024732719,0.03230388408942581,1.0,0.03237214532243441,-0.01756059922428775,-0.052844335774137906],[0.009545674800715975,-0.018394695992920478,0.002883657907770868,-0.010091974161608279,0.02166609515687858,-0.010094257193007808,-0.0110666213132502,0.008673857642456814,-0.011074498925597311,-0.015179849098513623,-0.013630169606337854,-0.015186138565999112,0.9999927417510344,0.03237214532243441,1.0,-0.009674732350291395,0.06825863150391498],[-0.003795938927046041,0.02757222567226509,-0.013262583062485166,-0.013423186351805895,-0.018941930313584366,-0.013426969383537117,-0.012984552867109074,0.0024225746998399983,-0.01298740692995945,-0.009287612696798193,-0.01280192733103718,-0.009276953579361704,-0.009639679589185957,-0.01756059922428775,-0.009674732350291395,1.0,0.2087499987837941],[0.016540742243674092,0.006174233160678172,-0.08972796983506433,0.20515082926139072,0.018459311608577007,0.20515074317015466,0.09279579031259189,0.009233131913078299,0.09278603942871355,0.035492853421274326,0.006141203007399601,0.03549555624050662,0.06823877562717763,-0.052844335774137906,0.06825863150391498,0.2087499987837941,1.0]],\"type\":\"heatmap\"}],                        {\"autosize\":false,\"height\":720,\"margin\":{\"b\":210,\"l\":210,\"r\":0,\"t\":25},\"template\":{\"data\":{\"barpolar\":[{\"marker\":{\"line\":{\"color\":\"#E5ECF6\",\"width\":0.5},\"pattern\":{\"fillmode\":\"overlay\",\"size\":10,\"solidity\":0.2}},\"type\":\"barpolar\"}],\"bar\":[{\"error_x\":{\"color\":\"#2a3f5f\"},\"error_y\":{\"color\":\"#2a3f5f\"},\"marker\":{\"line\":{\"color\":\"#E5ECF6\",\"width\":0.5},\"pattern\":{\"fillmode\":\"overlay\",\"size\":10,\"solidity\":0.2}},\"type\":\"bar\"}],\"carpet\":[{\"aaxis\":{\"endlinecolor\":\"#2a3f5f\",\"gridcolor\":\"white\",\"linecolor\":\"white\",\"minorgridcolor\":\"white\",\"startlinecolor\":\"#2a3f5f\"},\"baxis\":{\"endlinecolor\":\"#2a3f5f\",\"gridcolor\":\"white\",\"linecolor\":\"white\",\"minorgridcolor\":\"white\",\"startlinecolor\":\"#2a3f5f\"},\"type\":\"carpet\"}],\"choropleth\":[{\"colorbar\":{\"outlinewidth\":0,\"ticks\":\"\"},\"type\":\"choropleth\"}],\"contourcarpet\":[{\"colorbar\":{\"outlinewidth\":0,\"ticks\":\"\"},\"type\":\"contourcarpet\"}],\"contour\":[{\"colorbar\":{\"outlinewidth\":0,\"ticks\":\"\"},\"colorscale\":[[0.0,\"#0d0887\"],[0.1111111111111111,\"#46039f\"],[0.2222222222222222,\"#7201a8\"],[0.3333333333333333,\"#9c179e\"],[0.4444444444444444,\"#bd3786\"],[0.5555555555555556,\"#d8576b\"],[0.6666666666666666,\"#ed7953\"],[0.7777777777777778,\"#fb9f3a\"],[0.8888888888888888,\"#fdca26\"],[1.0,\"#f0f921\"]],\"type\":\"contour\"}],\"heatmapgl\":[{\"colorbar\":{\"outlinewidth\":0,\"ticks\":\"\"},\"colorscale\":[[0.0,\"#0d0887\"],[0.1111111111111111,\"#46039f\"],[0.2222222222222222,\"#7201a8\"],[0.3333333333333333,\"#9c179e\"],[0.4444444444444444,\"#bd3786\"],[0.5555555555555556,\"#d8576b\"],[0.6666666666666666,\"#ed7953\"],[0.7777777777777778,\"#fb9f3a\"],[0.8888888888888888,\"#fdca26\"],[1.0,\"#f0f921\"]],\"type\":\"heatmapgl\"}],\"heatmap\":[{\"colorbar\":{\"outlinewidth\":0,\"ticks\":\"\"},\"colorscale\":[[0.0,\"#0d0887\"],[0.1111111111111111,\"#46039f\"],[0.2222222222222222,\"#7201a8\"],[0.3333333333333333,\"#9c179e\"],[0.4444444444444444,\"#bd3786\"],[0.5555555555555556,\"#d8576b\"],[0.6666666666666666,\"#ed7953\"],[0.7777777777777778,\"#fb9f3a\"],[0.8888888888888888,\"#fdca26\"],[1.0,\"#f0f921\"]],\"type\":\"heatmap\"}],\"histogram2dcontour\":[{\"colorbar\":{\"outlinewidth\":0,\"ticks\":\"\"},\"colorscale\":[[0.0,\"#0d0887\"],[0.1111111111111111,\"#46039f\"],[0.2222222222222222,\"#7201a8\"],[0.3333333333333333,\"#9c179e\"],[0.4444444444444444,\"#bd3786\"],[0.5555555555555556,\"#d8576b\"],[0.6666666666666666,\"#ed7953\"],[0.7777777777777778,\"#fb9f3a\"],[0.8888888888888888,\"#fdca26\"],[1.0,\"#f0f921\"]],\"type\":\"histogram2dcontour\"}],\"histogram2d\":[{\"colorbar\":{\"outlinewidth\":0,\"ticks\":\"\"},\"colorscale\":[[0.0,\"#0d0887\"],[0.1111111111111111,\"#46039f\"],[0.2222222222222222,\"#7201a8\"],[0.3333333333333333,\"#9c179e\"],[0.4444444444444444,\"#bd3786\"],[0.5555555555555556,\"#d8576b\"],[0.6666666666666666,\"#ed7953\"],[0.7777777777777778,\"#fb9f3a\"],[0.8888888888888888,\"#fdca26\"],[1.0,\"#f0f921\"]],\"type\":\"histogram2d\"}],\"histogram\":[{\"marker\":{\"pattern\":{\"fillmode\":\"overlay\",\"size\":10,\"solidity\":0.2}},\"type\":\"histogram\"}],\"mesh3d\":[{\"colorbar\":{\"outlinewidth\":0,\"ticks\":\"\"},\"type\":\"mesh3d\"}],\"parcoords\":[{\"line\":{\"colorbar\":{\"outlinewidth\":0,\"ticks\":\"\"}},\"type\":\"parcoords\"}],\"pie\":[{\"automargin\":true,\"type\":\"pie\"}],\"scatter3d\":[{\"line\":{\"colorbar\":{\"outlinewidth\":0,\"ticks\":\"\"}},\"marker\":{\"colorbar\":{\"outlinewidth\":0,\"ticks\":\"\"}},\"type\":\"scatter3d\"}],\"scattercarpet\":[{\"marker\":{\"colorbar\":{\"outlinewidth\":0,\"ticks\":\"\"}},\"type\":\"scattercarpet\"}],\"scattergeo\":[{\"marker\":{\"colorbar\":{\"outlinewidth\":0,\"ticks\":\"\"}},\"type\":\"scattergeo\"}],\"scattergl\":[{\"marker\":{\"colorbar\":{\"outlinewidth\":0,\"ticks\":\"\"}},\"type\":\"scattergl\"}],\"scattermapbox\":[{\"marker\":{\"colorbar\":{\"outlinewidth\":0,\"ticks\":\"\"}},\"type\":\"scattermapbox\"}],\"scatterpolargl\":[{\"marker\":{\"colorbar\":{\"outlinewidth\":0,\"ticks\":\"\"}},\"type\":\"scatterpolargl\"}],\"scatterpolar\":[{\"marker\":{\"colorbar\":{\"outlinewidth\":0,\"ticks\":\"\"}},\"type\":\"scatterpolar\"}],\"scatter\":[{\"fillpattern\":{\"fillmode\":\"overlay\",\"size\":10,\"solidity\":0.2},\"type\":\"scatter\"}],\"scatterternary\":[{\"marker\":{\"colorbar\":{\"outlinewidth\":0,\"ticks\":\"\"}},\"type\":\"scatterternary\"}],\"surface\":[{\"colorbar\":{\"outlinewidth\":0,\"ticks\":\"\"},\"colorscale\":[[0.0,\"#0d0887\"],[0.1111111111111111,\"#46039f\"],[0.2222222222222222,\"#7201a8\"],[0.3333333333333333,\"#9c179e\"],[0.4444444444444444,\"#bd3786\"],[0.5555555555555556,\"#d8576b\"],[0.6666666666666666,\"#ed7953\"],[0.7777777777777778,\"#fb9f3a\"],[0.8888888888888888,\"#fdca26\"],[1.0,\"#f0f921\"]],\"type\":\"surface\"}],\"table\":[{\"cells\":{\"fill\":{\"color\":\"#EBF0F8\"},\"line\":{\"color\":\"white\"}},\"header\":{\"fill\":{\"color\":\"#C8D4E3\"},\"line\":{\"color\":\"white\"}},\"type\":\"table\"}]},\"layout\":{\"annotationdefaults\":{\"arrowcolor\":\"#2a3f5f\",\"arrowhead\":0,\"arrowwidth\":1},\"autotypenumbers\":\"strict\",\"coloraxis\":{\"colorbar\":{\"outlinewidth\":0,\"ticks\":\"\"}},\"colorscale\":{\"diverging\":[[0,\"#8e0152\"],[0.1,\"#c51b7d\"],[0.2,\"#de77ae\"],[0.3,\"#f1b6da\"],[0.4,\"#fde0ef\"],[0.5,\"#f7f7f7\"],[0.6,\"#e6f5d0\"],[0.7,\"#b8e186\"],[0.8,\"#7fbc41\"],[0.9,\"#4d9221\"],[1,\"#276419\"]],\"sequential\":[[0.0,\"#0d0887\"],[0.1111111111111111,\"#46039f\"],[0.2222222222222222,\"#7201a8\"],[0.3333333333333333,\"#9c179e\"],[0.4444444444444444,\"#bd3786\"],[0.5555555555555556,\"#d8576b\"],[0.6666666666666666,\"#ed7953\"],[0.7777777777777778,\"#fb9f3a\"],[0.8888888888888888,\"#fdca26\"],[1.0,\"#f0f921\"]],\"sequentialminus\":[[0.0,\"#0d0887\"],[0.1111111111111111,\"#46039f\"],[0.2222222222222222,\"#7201a8\"],[0.3333333333333333,\"#9c179e\"],[0.4444444444444444,\"#bd3786\"],[0.5555555555555556,\"#d8576b\"],[0.6666666666666666,\"#ed7953\"],[0.7777777777777778,\"#fb9f3a\"],[0.8888888888888888,\"#fdca26\"],[1.0,\"#f0f921\"]]},\"colorway\":[\"#636efa\",\"#EF553B\",\"#00cc96\",\"#ab63fa\",\"#FFA15A\",\"#19d3f3\",\"#FF6692\",\"#B6E880\",\"#FF97FF\",\"#FECB52\"],\"font\":{\"color\":\"#2a3f5f\"},\"geo\":{\"bgcolor\":\"white\",\"lakecolor\":\"white\",\"landcolor\":\"#E5ECF6\",\"showlakes\":true,\"showland\":true,\"subunitcolor\":\"white\"},\"hoverlabel\":{\"align\":\"left\"},\"hovermode\":\"closest\",\"mapbox\":{\"style\":\"light\"},\"paper_bgcolor\":\"white\",\"plot_bgcolor\":\"#E5ECF6\",\"polar\":{\"angularaxis\":{\"gridcolor\":\"white\",\"linecolor\":\"white\",\"ticks\":\"\"},\"bgcolor\":\"#E5ECF6\",\"radialaxis\":{\"gridcolor\":\"white\",\"linecolor\":\"white\",\"ticks\":\"\"}},\"scene\":{\"xaxis\":{\"backgroundcolor\":\"#E5ECF6\",\"gridcolor\":\"white\",\"gridwidth\":2,\"linecolor\":\"white\",\"showbackground\":true,\"ticks\":\"\",\"zerolinecolor\":\"white\"},\"yaxis\":{\"backgroundcolor\":\"#E5ECF6\",\"gridcolor\":\"white\",\"gridwidth\":2,\"linecolor\":\"white\",\"showbackground\":true,\"ticks\":\"\",\"zerolinecolor\":\"white\"},\"zaxis\":{\"backgroundcolor\":\"#E5ECF6\",\"gridcolor\":\"white\",\"gridwidth\":2,\"linecolor\":\"white\",\"showbackground\":true,\"ticks\":\"\",\"zerolinecolor\":\"white\"}},\"shapedefaults\":{\"line\":{\"color\":\"#2a3f5f\"}},\"ternary\":{\"aaxis\":{\"gridcolor\":\"white\",\"linecolor\":\"white\",\"ticks\":\"\"},\"baxis\":{\"gridcolor\":\"white\",\"linecolor\":\"white\",\"ticks\":\"\"},\"bgcolor\":\"#E5ECF6\",\"caxis\":{\"gridcolor\":\"white\",\"linecolor\":\"white\",\"ticks\":\"\"}},\"title\":{\"x\":0.05},\"xaxis\":{\"automargin\":true,\"gridcolor\":\"white\",\"linecolor\":\"white\",\"ticks\":\"\",\"title\":{\"standoff\":15},\"zerolinecolor\":\"white\",\"zerolinewidth\":2},\"yaxis\":{\"automargin\":true,\"gridcolor\":\"white\",\"linecolor\":\"white\",\"ticks\":\"\",\"title\":{\"standoff\":15},\"zerolinecolor\":\"white\",\"zerolinewidth\":2}}},\"title\":{\"text\":\"Correlation matrix\"},\"width\":800,\"xaxis\":{\"tickfont\":{\"size\":9}},\"yaxis\":{\"tickfont\":{\"size\":9}}},                        {\"responsive\": true}                    ).then(function(){\n",
              "                            \n",
              "var gd = document.getElementById('cfcd88f5-9daf-40bf-b4ff-7764c6b330f1');\n",
              "var x = new MutationObserver(function (mutations, observer) {{\n",
              "        var display = window.getComputedStyle(gd).display;\n",
              "        if (!display || display === 'none') {{\n",
              "            console.log([gd, 'removed!']);\n",
              "            Plotly.purge(gd);\n",
              "            observer.disconnect();\n",
              "        }}\n",
              "}});\n",
              "\n",
              "// Listen for the removal of the full notebook cells\n",
              "var notebookContainer = gd.closest('#notebook-container');\n",
              "if (notebookContainer) {{\n",
              "    x.observe(notebookContainer, {childList: true});\n",
              "}}\n",
              "\n",
              "// Listen for the clearing of the current output cell\n",
              "var outputEl = gd.closest('.output');\n",
              "if (outputEl) {{\n",
              "    x.observe(outputEl, {childList: true});\n",
              "}}\n",
              "\n",
              "                        })                };                            </script>        </div>\n",
              "</body>\n",
              "</html>"
            ]
          },
          "metadata": {}
        }
      ]
    },
    {
      "cell_type": "markdown",
      "source": [
        "###StandardScaler"
      ],
      "metadata": {
        "id": "LG_TjnbeUghZ"
      }
    },
    {
      "cell_type": "code",
      "source": [
        "from sklearn.preprocessing import StandardScaler\n",
        "\n",
        "# Copying original dataframe\n",
        "data1_en_train_SL = data1_train.copy()\n",
        "\n",
        "scaler = StandardScaler()\n",
        "num_cols = ['Total day minutes',\n",
        "       'Total day calls', 'Total day charge', 'Total eve minutes',\n",
        "       'Total eve calls', 'Total eve charge', 'Total night minutes',\n",
        "       'Total night calls', 'Total night charge', 'Total intl minutes',\n",
        "       'Total intl calls', 'Total intl charge',]\n",
        "data1_en_train_SL[num_cols] = scaler.fit_transform(data1_en_train_SL[num_cols])\n",
        "data1_en_train_SL.head()\n",
        "     "
      ],
      "metadata": {
        "colab": {
          "base_uri": "https://localhost:8080/",
          "height": 305
        },
        "id": "4khBLmqqVCwx",
        "outputId": "d70a2883-762e-4fae-c8a2-1262575bbe6f"
      },
      "execution_count": 14,
      "outputs": [
        {
          "output_type": "execute_result",
          "data": {
            "text/plain": [
              "  State  Account length  Area code International plan Voice mail plan  \\\n",
              "0    KS             128        415                 No             Yes   \n",
              "1    OH             107        415                 No             Yes   \n",
              "2    NJ             137        415                 No              No   \n",
              "3    OH              84        408                Yes              No   \n",
              "4    OK              75        415                Yes              No   \n",
              "\n",
              "   Number vmail messages  Total day minutes  Total day calls  \\\n",
              "0                     25           1.579670         0.484868   \n",
              "1                     26          -0.329918         1.135375   \n",
              "2                      0           1.179302         0.685024   \n",
              "3                      0           2.212509        -1.466653   \n",
              "4                      0          -0.235822         0.634985   \n",
              "\n",
              "   Total day charge  Total eve minutes  Total eve calls  Total eve charge  \\\n",
              "0          1.579942          -0.058619        -0.050781         -0.058445   \n",
              "1         -0.330194          -0.095916         0.147654         -0.095397   \n",
              "2          1.179465          -1.554439         0.494917         -1.554963   \n",
              "3          2.212675          -2.718509        -0.596479         -2.718922   \n",
              "4         -0.235772          -1.022461         1.090224         -1.021482   \n",
              "\n",
              "   Total night minutes  Total night calls  Total night charge  \\\n",
              "0             0.857403          -0.469031            0.856707   \n",
              "1             1.048458           0.149054            1.049293   \n",
              "2            -0.759668           0.200561           -0.758391   \n",
              "3            -0.084083          -0.572045           -0.084339   \n",
              "4            -0.281046           1.076181           -0.281303   \n",
              "\n",
              "   Total intl minutes  Total intl calls  Total intl charge  \\\n",
              "0           -0.085020         -0.597527          -0.085681   \n",
              "1            1.242179         -0.597527           1.242921   \n",
              "2            0.704125          0.216894           0.698194   \n",
              "3           -1.304609          1.031314          -1.307995   \n",
              "4           -0.049150         -0.597527          -0.045823   \n",
              "\n",
              "   Customer service calls  Churn  \n",
              "0                       1  False  \n",
              "1                       1  False  \n",
              "2                       0  False  \n",
              "3                       2  False  \n",
              "4                       3  False  "
            ],
            "text/html": [
              "\n",
              "  <div id=\"df-b6806b73-d0e3-487f-8c0a-4372c57cc8d4\">\n",
              "    <div class=\"colab-df-container\">\n",
              "      <div>\n",
              "<style scoped>\n",
              "    .dataframe tbody tr th:only-of-type {\n",
              "        vertical-align: middle;\n",
              "    }\n",
              "\n",
              "    .dataframe tbody tr th {\n",
              "        vertical-align: top;\n",
              "    }\n",
              "\n",
              "    .dataframe thead th {\n",
              "        text-align: right;\n",
              "    }\n",
              "</style>\n",
              "<table border=\"1\" class=\"dataframe\">\n",
              "  <thead>\n",
              "    <tr style=\"text-align: right;\">\n",
              "      <th></th>\n",
              "      <th>State</th>\n",
              "      <th>Account length</th>\n",
              "      <th>Area code</th>\n",
              "      <th>International plan</th>\n",
              "      <th>Voice mail plan</th>\n",
              "      <th>Number vmail messages</th>\n",
              "      <th>Total day minutes</th>\n",
              "      <th>Total day calls</th>\n",
              "      <th>Total day charge</th>\n",
              "      <th>Total eve minutes</th>\n",
              "      <th>Total eve calls</th>\n",
              "      <th>Total eve charge</th>\n",
              "      <th>Total night minutes</th>\n",
              "      <th>Total night calls</th>\n",
              "      <th>Total night charge</th>\n",
              "      <th>Total intl minutes</th>\n",
              "      <th>Total intl calls</th>\n",
              "      <th>Total intl charge</th>\n",
              "      <th>Customer service calls</th>\n",
              "      <th>Churn</th>\n",
              "    </tr>\n",
              "  </thead>\n",
              "  <tbody>\n",
              "    <tr>\n",
              "      <th>0</th>\n",
              "      <td>KS</td>\n",
              "      <td>128</td>\n",
              "      <td>415</td>\n",
              "      <td>No</td>\n",
              "      <td>Yes</td>\n",
              "      <td>25</td>\n",
              "      <td>1.579670</td>\n",
              "      <td>0.484868</td>\n",
              "      <td>1.579942</td>\n",
              "      <td>-0.058619</td>\n",
              "      <td>-0.050781</td>\n",
              "      <td>-0.058445</td>\n",
              "      <td>0.857403</td>\n",
              "      <td>-0.469031</td>\n",
              "      <td>0.856707</td>\n",
              "      <td>-0.085020</td>\n",
              "      <td>-0.597527</td>\n",
              "      <td>-0.085681</td>\n",
              "      <td>1</td>\n",
              "      <td>False</td>\n",
              "    </tr>\n",
              "    <tr>\n",
              "      <th>1</th>\n",
              "      <td>OH</td>\n",
              "      <td>107</td>\n",
              "      <td>415</td>\n",
              "      <td>No</td>\n",
              "      <td>Yes</td>\n",
              "      <td>26</td>\n",
              "      <td>-0.329918</td>\n",
              "      <td>1.135375</td>\n",
              "      <td>-0.330194</td>\n",
              "      <td>-0.095916</td>\n",
              "      <td>0.147654</td>\n",
              "      <td>-0.095397</td>\n",
              "      <td>1.048458</td>\n",
              "      <td>0.149054</td>\n",
              "      <td>1.049293</td>\n",
              "      <td>1.242179</td>\n",
              "      <td>-0.597527</td>\n",
              "      <td>1.242921</td>\n",
              "      <td>1</td>\n",
              "      <td>False</td>\n",
              "    </tr>\n",
              "    <tr>\n",
              "      <th>2</th>\n",
              "      <td>NJ</td>\n",
              "      <td>137</td>\n",
              "      <td>415</td>\n",
              "      <td>No</td>\n",
              "      <td>No</td>\n",
              "      <td>0</td>\n",
              "      <td>1.179302</td>\n",
              "      <td>0.685024</td>\n",
              "      <td>1.179465</td>\n",
              "      <td>-1.554439</td>\n",
              "      <td>0.494917</td>\n",
              "      <td>-1.554963</td>\n",
              "      <td>-0.759668</td>\n",
              "      <td>0.200561</td>\n",
              "      <td>-0.758391</td>\n",
              "      <td>0.704125</td>\n",
              "      <td>0.216894</td>\n",
              "      <td>0.698194</td>\n",
              "      <td>0</td>\n",
              "      <td>False</td>\n",
              "    </tr>\n",
              "    <tr>\n",
              "      <th>3</th>\n",
              "      <td>OH</td>\n",
              "      <td>84</td>\n",
              "      <td>408</td>\n",
              "      <td>Yes</td>\n",
              "      <td>No</td>\n",
              "      <td>0</td>\n",
              "      <td>2.212509</td>\n",
              "      <td>-1.466653</td>\n",
              "      <td>2.212675</td>\n",
              "      <td>-2.718509</td>\n",
              "      <td>-0.596479</td>\n",
              "      <td>-2.718922</td>\n",
              "      <td>-0.084083</td>\n",
              "      <td>-0.572045</td>\n",
              "      <td>-0.084339</td>\n",
              "      <td>-1.304609</td>\n",
              "      <td>1.031314</td>\n",
              "      <td>-1.307995</td>\n",
              "      <td>2</td>\n",
              "      <td>False</td>\n",
              "    </tr>\n",
              "    <tr>\n",
              "      <th>4</th>\n",
              "      <td>OK</td>\n",
              "      <td>75</td>\n",
              "      <td>415</td>\n",
              "      <td>Yes</td>\n",
              "      <td>No</td>\n",
              "      <td>0</td>\n",
              "      <td>-0.235822</td>\n",
              "      <td>0.634985</td>\n",
              "      <td>-0.235772</td>\n",
              "      <td>-1.022461</td>\n",
              "      <td>1.090224</td>\n",
              "      <td>-1.021482</td>\n",
              "      <td>-0.281046</td>\n",
              "      <td>1.076181</td>\n",
              "      <td>-0.281303</td>\n",
              "      <td>-0.049150</td>\n",
              "      <td>-0.597527</td>\n",
              "      <td>-0.045823</td>\n",
              "      <td>3</td>\n",
              "      <td>False</td>\n",
              "    </tr>\n",
              "  </tbody>\n",
              "</table>\n",
              "</div>\n",
              "      <button class=\"colab-df-convert\" onclick=\"convertToInteractive('df-b6806b73-d0e3-487f-8c0a-4372c57cc8d4')\"\n",
              "              title=\"Convert this dataframe to an interactive table.\"\n",
              "              style=\"display:none;\">\n",
              "        \n",
              "  <svg xmlns=\"http://www.w3.org/2000/svg\" height=\"24px\"viewBox=\"0 0 24 24\"\n",
              "       width=\"24px\">\n",
              "    <path d=\"M0 0h24v24H0V0z\" fill=\"none\"/>\n",
              "    <path d=\"M18.56 5.44l.94 2.06.94-2.06 2.06-.94-2.06-.94-.94-2.06-.94 2.06-2.06.94zm-11 1L8.5 8.5l.94-2.06 2.06-.94-2.06-.94L8.5 2.5l-.94 2.06-2.06.94zm10 10l.94 2.06.94-2.06 2.06-.94-2.06-.94-.94-2.06-.94 2.06-2.06.94z\"/><path d=\"M17.41 7.96l-1.37-1.37c-.4-.4-.92-.59-1.43-.59-.52 0-1.04.2-1.43.59L10.3 9.45l-7.72 7.72c-.78.78-.78 2.05 0 2.83L4 21.41c.39.39.9.59 1.41.59.51 0 1.02-.2 1.41-.59l7.78-7.78 2.81-2.81c.8-.78.8-2.07 0-2.86zM5.41 20L4 18.59l7.72-7.72 1.47 1.35L5.41 20z\"/>\n",
              "  </svg>\n",
              "      </button>\n",
              "      \n",
              "  <style>\n",
              "    .colab-df-container {\n",
              "      display:flex;\n",
              "      flex-wrap:wrap;\n",
              "      gap: 12px;\n",
              "    }\n",
              "\n",
              "    .colab-df-convert {\n",
              "      background-color: #E8F0FE;\n",
              "      border: none;\n",
              "      border-radius: 50%;\n",
              "      cursor: pointer;\n",
              "      display: none;\n",
              "      fill: #1967D2;\n",
              "      height: 32px;\n",
              "      padding: 0 0 0 0;\n",
              "      width: 32px;\n",
              "    }\n",
              "\n",
              "    .colab-df-convert:hover {\n",
              "      background-color: #E2EBFA;\n",
              "      box-shadow: 0px 1px 2px rgba(60, 64, 67, 0.3), 0px 1px 3px 1px rgba(60, 64, 67, 0.15);\n",
              "      fill: #174EA6;\n",
              "    }\n",
              "\n",
              "    [theme=dark] .colab-df-convert {\n",
              "      background-color: #3B4455;\n",
              "      fill: #D2E3FC;\n",
              "    }\n",
              "\n",
              "    [theme=dark] .colab-df-convert:hover {\n",
              "      background-color: #434B5C;\n",
              "      box-shadow: 0px 1px 3px 1px rgba(0, 0, 0, 0.15);\n",
              "      filter: drop-shadow(0px 1px 2px rgba(0, 0, 0, 0.3));\n",
              "      fill: #FFFFFF;\n",
              "    }\n",
              "  </style>\n",
              "\n",
              "      <script>\n",
              "        const buttonEl =\n",
              "          document.querySelector('#df-b6806b73-d0e3-487f-8c0a-4372c57cc8d4 button.colab-df-convert');\n",
              "        buttonEl.style.display =\n",
              "          google.colab.kernel.accessAllowed ? 'block' : 'none';\n",
              "\n",
              "        async function convertToInteractive(key) {\n",
              "          const element = document.querySelector('#df-b6806b73-d0e3-487f-8c0a-4372c57cc8d4');\n",
              "          const dataTable =\n",
              "            await google.colab.kernel.invokeFunction('convertToInteractive',\n",
              "                                                     [key], {});\n",
              "          if (!dataTable) return;\n",
              "\n",
              "          const docLinkHtml = 'Like what you see? Visit the ' +\n",
              "            '<a target=\"_blank\" href=https://colab.research.google.com/notebooks/data_table.ipynb>data table notebook</a>'\n",
              "            + ' to learn more about interactive tables.';\n",
              "          element.innerHTML = '';\n",
              "          dataTable['output_type'] = 'display_data';\n",
              "          await google.colab.output.renderOutput(dataTable, element);\n",
              "          const docLink = document.createElement('div');\n",
              "          docLink.innerHTML = docLinkHtml;\n",
              "          element.appendChild(docLink);\n",
              "        }\n",
              "      </script>\n",
              "    </div>\n",
              "  </div>\n",
              "  "
            ]
          },
          "metadata": {},
          "execution_count": 14
        }
      ]
    },
    {
